-1.2219396945021606 -0.6548231293755316
1.6630210445630491 -0.7228038920584174
-0.2955242257995939 0.20380467544521796
-0.9513686777205335 -0.34893785215620143
-0.6155892517729629 0.006675043330360621
0.39061253906789783 0.6648038254975681
0.8881552007676617 -0.10146084314650768
-1.9977065628123438 -2.4619381556363726
-2.0119249352024107 0.7754543620176146
-1.8198670407793707 1.4018959214655367
-0.7587315130275115 0.647245789557429
-1.107392492703 0.026371495829406837
-0.23726201909411576 1.5284341945434583
-0.4962141279867973 -0.9518384376657865
1.2791069745660764 -1.645483488358116
-0.9590007884743557 0.37486399326619474
0.9763008505283938 0.48153362540328654
-0.49770598577548725 -1.460866830309273
0.44344155785463485 -1.3577219479745302
-0.22249121236080693 1.5297660303700706
-0.12005851789797138 0.014446700064797337
-0.2054969684691529 -2.8521436793734907
-0.7105951493205428 -2.0805839896607146
-1.7346675633983397 -0.2635125553778615
0.3989554168263475 0.6622271320412974
-0.014035458106196158 -0.9959339638314267
0.8090450330519294 -0.5849869206989053
-1.2664927022800427 -0.410783570076106
-0.714317975786735 -0.9920095136666395
-0.35253107108997245 1.4898149313763596
0.4909832490342677 0.1678714340711945
1.6292212473611267 -1.246300434027836
-1.0830363297906842 0.32178361286020146
1.7846036804777308 0.13022339618562706
-1.309843138373574 1.8148263475591329
-0.20240964799704605 1.9769934712815813
-0.7350549181272039 1.7840050084519954
-1.4687992539342627 -3.1192460123707737
0.4756452222322212 -1.4114866448470171
-0.02072169796621517 -0.03758096281096417
0.9985650515201093 0.23687577623757175
-0.42905680923980555 -0.28301695790774967
-0.5340461489795142 1.236618284996732
1.5549163327411801 -0.5761907390070204
-1.0905127121572191 1.129036655429041
3.738012707102646 -2.3442207621932925
-1.868860421530117 -2.7070761548794313
0.4952813225432375 0.39863716725803855
0.6183275393968017 0.9498322347331036
-0.09521900937376415 -0.269499451568217
-0.13870300205352415 0.14743161968956944
0.8323718665487908 -0.7532431959880498
-0.94432234101098 -0.7827397244905332
1.009913472980267 0.9483108366127129
0.2389905017022061 -0.736086898761616
-0.5434120063845576 -0.7692513542005176
0.19046155820590593 1.0194969439354553
1.1531912153067942 0.10291231484513479
-0.8206724572523225 1.5104580838636321
-1.7086831221153753 0.4208139120283545
-0.43926792559530864 -0.5653096682650872
-0.5263041081009245 -1.1493270681655723
0.727690721040646 0.37787526208048405
0.7940548645049889 0.677456383634982
1.8488642376371234 -0.12301384687187289
-1.0634767952916289 -0.7308066601862863
1.175529661030452 0.2792670183823057
1.1933953282392786 1.0268822509945974
-0.343566326225882 -0.031188505240557125
-1.497280417028282 -1.4341066254812653
-0.0535371298552671 -0.16697679904082097
0.1654522835987122 2.403902872073548
0.44086623576774187 -0.9896257516433867
-1.0518245016281724 -0.4114112841032371
-1.2210729395733808 -0.5570699606025675
2.1709121330672425 -2.3874017078507617
1.2465465673949219 -0.8113364728750082
-2.153307281628256 -0.8752150523736376
-0.7198327896849119 -0.5190045971221411
-0.5523689521191426 -0.6710185930064891
-0.8165315007332228 1.5566493255471778
-0.39772620773493933 -1.7192048222978213
0.6101307300619052 -0.49767131306352386
0.7000919641111101 -1.0841599240022601
-1.007989989599437 -1.5859951886105947
0.7729203835493492 0.3765897810649662
0.3174555059572385 -1.0835841956374115
-1.7344812522115245 1.1306644085899733
0.6211924100981967 -0.2963848776374749
-0.24710272091175528 -0.4295076188537603
-0.5156675012822974 0.8283038194872869
0.06634543100763335 -0.6005100581910405
0.18970455868385339 0.10615718236376874
-0.37414846033862476 1.1326683482296418
0.5411905904581015 0.6671940768006241
-0.4209146109438974 -0.8940499430746324
-0.9353536434175556 0.7186656130297397
-0.14309317679711087 -1.0214730169542543
0.49337818405656403 0.06819040548554424
0.9636768146797019 0.40920656621078827
0.560648158831762 1.1356378468975683
0.38037554726012435 1.1930319630759763
1.1894078480437178 -0.37858085126179697
-1.6021403773769642 0.5397781086675566
-0.06611476420692165 -0.25532716098376973
0.766831888310093 -2.5878173434048555
-0.19364707215424984 -1.0796107712871703
-0.48558929993357147 -1.17443349068697
-0.2737089039251542 -0.4120763782457745
0.711955296549428 -0.14406096246389488
0.5115217708518589 -0.9159350030127031
-0.8480739041146876 -1.0841670988618652
-0.6083710184218148 -0.24072792229641085
0.1855714247635214 -0.41918647753933963
-1.0728244854647326 1.8157137553579004
-0.3980321628963892 1.9438399437568994
0.8405329512482665 -2.0191159015518334
1.1393409052053822 1.0771058165382874
-0.4739825348897276 -0.10111917412879216
-0.9501370350893826 1.422535324589285
1.3854796028193006 -0.5584832890686802
0.30875684347865295 -0.6366393515944082
-1.2800990335912779 1.6110506124074686
1.9900751292479344 -0.7055303208974641
0.9358082902338883 -0.08057513349442685
0.019066120738615498 -0.015423092217675566
0.4005955724901529 1.576078033628982
-2.05841839251351 -0.30169994261815947
-0.026004039637565566 0.9838203533665774
0.26655458534683474 2.3843309006227735
-1.9338125332855574 -0.830964799250533
0.8291328120013309 0.39754967456176804
-0.16066856375098212 0.45328159936687423
0.4373550849644969 -0.08545765780017771
-0.9661386534748184 0.22869032443684048
-0.6437102846211662 1.2689055894691568
1.5165174368629146 0.8633998635487744
1.569300742323998 -1.2834896727232357
0.4169448595996584 0.007847985695624362
0.6157368268182355 -0.41539480701758014
0.8835438958911561 -0.6108695827554517
0.3564275279164438 -0.08215570301127352
-0.11217387736634389 -0.7297461938394428
0.2227753010653321 -0.9164221058087343
0.6826300865403416 0.7639286318003017
-1.051298057682173 -0.5588911624679107
0.35365924293306367 -0.017845153698815355
0.4109277062532668 -0.16307956511344301
-1.2031658892950816 1.296906122548508
-2.951192897101728 -1.3543440695042293
0.5326928446216936 1.389030522374431
-0.09357171575940201 1.0910386660719136
-0.529653330344025 -0.7795023561602836
-0.8542170083081907 -0.8436064161139248
0.08285821439495163 -1.5936953072694897
-0.614079907149052 -0.031791800970612995
-0.8054473833900455 -0.6204096857534331
0.15008165898095416 -0.2708359844144193
-0.1381785714999155 -0.1355757582976977
-1.3648123536236723 0.30086354676830074
-0.003029767849973972 0.6973458709865086
0.28562713125689043 -2.3457931989358816
-1.508218399550756 -0.04562447996239205
0.3999881864137242 0.0716910019155378
-0.29380552128587195 0.006392023008267618
-2.06612864590159 1.3796797651851367
-1.6635481434636332 -0.32222415004689964
-0.7602995743117996 -1.861344938515634
-0.18306677245289701 1.9832505625458852
1.1880126526858459 -0.2167212458829422
0.41091781392987553 -1.8568248409053638
-0.7380854249229136 -2.036558723347319
0.34764417451980206 -0.8968269073597716
0.6932179687235124 0.6106823444121429
1.8463739817345164 -1.2721520032111702
-1.2766911942956594 1.0879608164831167
-0.5172786403737114 -0.06826733499394762
-0.2501399610192131 -0.7063572538478841
1.4236479350409972 -0.33387722632393974
0.10706519376638969 -1.2132772351847458
0.5116959096116049 0.42875136355406007
1.5650019959098649 -0.17134229764781703
-1.8806940872011164 1.0403094995799465
-0.9089631073403617 -0.633689908502307
0.25723066203452144 -1.078538837421106
-1.1105040711670293 1.3852032390810602
-0.0102675676844798 -0.22306505208206456
1.40970688259193 -1.4369224022084826
-1.0480342695372413 -0.44203957687138445
-0.8044819185434172 0.2597381501285506
0.6474280774559096 0.45184440123857567
-0.9532957419933019 -0.8014145321925252
0.3256997049787693 2.013515270761844
0.6019472646921645 -0.3918988729852484
0.13581563875753191 -0.6565539174969928
-0.16246866533369259 -0.15456234071865899
-0.6359818012047201 -1.2820409694194865
-1.0115007513455307 -0.5459919531389316
-0.11210058902017898 -0.013983646743533215
-0.06646805147130114 -0.16249987219640377
1.57836458409527 0.591471695339292
-0.7970924880121802 -0.620505764986821
1.3430789755223385 -1.9639215518980404
1.2644132460150035 0.6376259224621132
0.12990189917877631 0.8835080116323275
1.1551471736195995 -0.995357870806956
1.6381754865917055 -1.7111417979404848
0.3202140383472233 -0.9809890462516232
-0.6660058037667719 -1.4539342253394356
0.9211420538626782 1.3543163126458573
-0.5089910786225508 1.1915362689826263
-1.240051227384423 -0.7254314567421482
-1.9353468952228219 -0.5478835416366943
-0.7126309489145389 -0.0680934557986107
-2.3150993659438726 0.6603292313939547
-1.019213910885681 -0.43601282314428114
-0.34390380007036325 -0.6472509778914243
1.2746408683635553 0.215625156242318
-0.1930598805700443 -0.2322630150301455
-1.3230781552789272 0.2629131509733901
0.07172482102020994 0.6462962094559088
0.6138171661960259 -0.9778369820355811
-1.0595423478623658 1.272855449856528
-0.16052328290369197 0.7200785247008623
0.7378130657638556 2.79359143648661
0.7524346712053415 0.653439225459377
0.6575636894974518 1.3594343373282847
-0.8572572058421389 -0.050063378940817554
0.21021365194667008 -0.4994672980945829
-1.2884695390034984 -0.5360792582541909
-1.43812623738501 -0.6191330967129763
-0.3283590220425429 0.547229167758486
-0.9174947693897066 0.515225166626431
-2.648604726437526 0.6677169024323127
-0.41562681936705126 0.025833348753225377
-0.2140854767644069 0.1593650687594557
0.9285341735134377 0.5221479757678048
1.12874248469412 2.019131128890813
-0.7533930170359465 -0.23769407646504667
-0.8445352101102708 -0.3992533143934429
-0.08216116903806533 1.120839012050804
0.19884355948062604 0.888858191566483
-1.08440393221188 0.5836775433843371
0.1864561867201327 0.11234755103992122
-0.6539713630692268 0.17991733370539706
0.2531339441497721 0.5235319495358474
0.260407845755484 -0.7822496564552672
0.5311663036331864 1.3922794847376694
0.06408844957621397 -0.8352087797321701
-0.7386148900961326 0.8095367954508464
2.0253103749303736 -0.6961569967134222
-1.5628776444136698 -0.7102467389074174
-0.7918332457792997 -0.722950302991416
-0.0824112878367879 -0.5333001632620703
-0.6539875545644369 0.5668754895673868
0.36684558532949285 -0.5038651763317632
1.1297445309648917 0.38626437411533565
-0.19099164152688378 0.5159490008953789
1.2752878983337217 -0.29280934324844843
0.8014004814009276 -1.5384306065151325
-1.2296392095098327 -0.06636537734328114
0.35246838871391967 -1.8872051712483011
0.7236758661213004 -0.3069700665892101
0.7431859511638264 0.5896177087981969
0.81470279874849 -0.13042427777888896
-0.3269692822960867 0.14227251329749524
-1.0021989226056898 -0.057197439709429025
0.23891562595109597 -0.07939974067756952
-2.1300690295144995 0.24356337097529007
1.8225780951192248 0.6555065808515192
1.974063047549291 0.5651499196524393
-0.41742428455566116 1.319048562643945
0.0779157821297208 0.021600331315057654
1.1055131774023434 -0.8699435754710988
-0.07590476326618283 -0.8643948104085877
0.6904864725441511 0.05261800213801978
-0.11276345332153737 -0.5352693880117714
-0.35151089894482423 -0.2509797985085541
-0.06617494942676719 -0.7758292356906512
0.24723984603333843 1.0966550742007475
0.403032460424689 -1.2326028934440383
0.23448294071404763 -0.7263608944962826
0.908531987445278 -0.804456282032985
-0.6291485081733335 0.6895073690988892
0.28317913923669497 1.1883687755294166
-0.019573014282012254 1.1738221306661578
1.2347027335009224 0.07051515781747429
1.2531728446687238 -1.2334251593369703
-0.6468536707824041 0.7758941759201885
0.018405054755063457 -0.8897791886027635
-0.21612658895192616 -0.9673813943681772
-0.19839577410051937 0.030593518134688212
1.2193591234583276 -1.4707352799784446
-1.470234723917182 -0.2944041324620488
-0.15922874500983167 0.23502857780324105
0.9099836008022945 -0.5674044583502027
0.5495742494696912 -0.44029295524721407
1.4285724934374695 0.5910724889899227
-0.5486467573303153 -0.40347492173036364
-0.308919054709869 -0.49342024900370046
-0.4795732636530438 0.15489038287034843
0.6862916646179493 1.3648917608871143
-0.05235201099642302 0.3171286900810757
1.2277485548840457 1.1492067491442641
0.34428146671968185 -1.43254024339162
0.5554949976066691 -0.07908813661581916
0.969917021097592 -1.4111719356089185
1.9875426621332666 -0.3795006681698358
-0.7751630154187268 0.3912965051072196
-2.0267629035809547 1.0296204350535334
0.8966118770033247 1.2680919237987092
2.140731798942171 0.4219847737930525
1.55163612906536 -1.2349300465253628
0.16393950198995225 0.5558244232281447
0.35793046180628285 -0.7969325290802979
-0.7243400104583291 -0.17978131876496856
0.7070753057336124 -0.036342490108736365
-0.565106789433072 -0.654125822302881
-1.326494366359819 0.28990152993505064
0.18983081552744557 -0.31312396918317975
-1.530562953428829 -0.005940902289805021
-0.32395151866913013 0.15260646365524444
0.6984200438545614 0.3199179543858305
0.9003744988061865 -0.18981907206478435
1.207243324088468 -1.4378945890518329
0.4144737816695519 -0.5396191841157121
-0.0168230349190101 0.9481514916811541
-1.4185175130288379 1.669214809571727
0.8491208474788655 -0.11697208285690751
1.0667426770982842 -1.4757496535637966
0.6555412787911695 1.200435984708982
-0.37147803359598497 0.7148571830451046
0.5225133279875251 0.14011771275603463
-0.5447384406619669 0.29207813417212963
-1.3920265257867535 -1.1416763205800309
0.184681329388005 0.10871505644435243
-0.08231347440625403 0.424377278062957
1.0821047151416388 0.9582528336560735
2.76758272818268 0.807602776046412
-0.22405413427817908 -0.15251908996047026
-1.2677120456938071 -1.1486317593070443
-0.15316212049992567 1.1600670788485856
-0.052102681310020174 -1.2395387399303404
-0.7020842458740352 -0.716326320624499
-0.6658374442219517 -0.4545415081984797
-0.40752133814931896 0.6274060002375573
-0.1867470246048063 0.31306156684678865
-1.8004776241069205 0.33726865504273185
1.6086337007883047 0.9339593971613501
0.3386301958088816 -0.6240431212717795
-0.11489141986782264 -1.2920520574292527
0.14605050879893652 -1.0285157292404938
0.0943896467427144 -0.7220246651720728
-0.6040942680045472 -0.09645352483003893
-0.21470971395171207 1.613561884861016
-1.2643409174497013 0.9440994583481005
-1.107224612269628 0.8975498917486802
1.088858500529869 -0.21877554326164902
-0.7629980679537638 1.2096981034487735
-0.224827663637779 0.9726790371031762
-0.004253478733358731 0.4208131395276236
0.7003671446795243 -0.017638220076327326
-0.33483821327848234 0.25874428038923564
-0.828452259813604 -1.5767376753563112
-0.8763233578625054 0.3792626312183089
-0.7418345805938632 -0.7675120915476683
-0.7140908154909177 -0.22897416610400026
0.5973825285041106 0.673681133366472
-0.17723875321026517 1.1094831601697166
-0.11966337489264672 0.7525891903400937
-0.1452553724498412 0.10068648545835593
1.7120298885984075 0.5878438020379657
0.23054745137064064 -0.7694254430683894
-1.9675317454596282 -0.989066760390556
0.7865305928664893 0.7064188809501937
-0.9516236572828612 -1.1054824817109856
1.955276414411329 -0.23650233724880265
-0.1719518813292365 -1.0179004126781355
2.0611446616147027 -0.26153338190168324
0.4258495224483283 -1.2398962935695115
0.3850618272828791 0.503695188410713
0.1865345925312453 -0.1303314098830876
0.24240925418211984 1.1691107483382661
1.1097689941231976 0.43289445878497995
0.12564062568509496 0.5631868617798349
0.36739564537705793 -1.9143276155947346
-0.025371862876775182 -1.3263054690856182
0.6020391597331037 0.6698913073283749
1.5450870437411 2.4580900606426326
-0.6111686178015004 1.2556337657321264
0.020179554682273664 0.0688113550361167
-0.8611984318343365 1.5251305923329639
0.4696271287234589 0.18951937715428352
2.841242126018216 -0.8295680570641758
0.1207558256457953 -0.6002159782767622
-0.2907639877784087 -0.341927751660917
-0.511320428211298 0.3220623042262879
0.17608914556766478 -0.10569964643459788
0.34026252587237144 0.4942478054968891
0.4244403755970625 -1.5754510258403374
0.24810708024115585 -1.1190155022513264
0.03699198506537965 1.0315974582151346
1.0135310082945097 -0.9000316489236955
1.0989854363031755 -0.6297535575533574
0.9059318219595723 -1.2808185145785789
0.12077150082159721 -1.0554199705171363
-0.6903090698164389 0.154421316060241
-0.6247327578914385 0.019008716299255355
-0.7205796302782683 0.46539723197812993
1.1290616413725363 -0.6501993977729031
-0.7826455329390657 0.014366443625887033
-0.6206882040036412 -0.5361034697050732
1.1906053462138253 -1.3855284280590976
0.2867665571681067 0.5092716945366043
1.223345052368517 -0.5242852120780561
-0.871331749742811 0.6908802510178073
-0.41409330156899665 -1.4713085186828534
-1.3104887677051584 -0.09405843198229438
1.6234003566646524 0.5721615550187048
-0.0908160690906965 -0.670380120448072
0.19776215143785114 -1.2006291116836623
1.7403258269818103 -0.9951706892873433
0.24926591855065738 0.07773974296662325
-1.0690233463959233 0.3898568901688714
-0.13607195414585133 0.14985823798369616
1.332109920688603 -1.1253836519740321
0.6252004708298404 -0.7454236803393959
0.243131471796295 -0.22840462478513684
0.7316839415370615 -0.274585641803642
-0.38676611889406676 -0.1266167404066119
1.0939336534066595 -0.8980262244302425
1.205158512044699 0.6785034149027949
-0.44727054577840275 -0.3116008348806937
1.3207816768527547 2.4287059230980623
-0.1933416605318443 -1.326594914972463
1.6214738515363964 0.900327833123995
2.544085840202069 -0.28245388246970476
0.17597436092613833 0.6242756552670231
0.2722774800990484 0.45243970175751497
0.5066193140449405 0.27567190359409693
1.1329853938869603 0.5128653403419059
1.7684011651319542 -1.0925850964806167
-0.2003446871496996 1.0506783748870498
0.01656497567212824 -1.0341981944898595
-1.1312074843558912 -0.19800584568093874
-2.2928954316643577 0.20710550455731758
-0.6279209547997574 -0.9712801695861809
-1.0373492221049492 0.3806140022425305
0.0025847091487350166 -0.7054326064072493
-0.26990255278052533 0.8656425750247989
0.14038601075371643 0.4196430312814661
0.9200475396565886 -0.9538892007148797
0.6166660744952612 1.3089736926445228
2.4316461133724165 0.0916314156080776
-1.0627612991508544 0.1433399818292009
1.292505161268962 -0.22134452280066622
-0.6083168349386241 1.9761982694504523
-2.692901176159687 -0.8363470637536905
0.7416859450193413 -1.0639628494732447
-0.024748628930265942 -0.5793528858258812
-0.33017718764331383 -0.12786589646648044
-0.8737319776649014 0.23316416067249743
0.054083666158280364 1.306556189877594
1.0422051323041241 -0.04407565541121491
0.6717456626149224 0.8148837904295604
-1.0524349193337972 0.979667045414803
-0.31026915588336224 -0.26378069947007604
0.02929514410736046 1.2254271986770398
0.2274401782406947 -0.40766391891744075
0.8122905275436277 0.94990726202965
0.7522047404874218 -1.0124551909372503
0.1939033050213355 0.3501964580552891
0.009479751618463433 0.4575000438700805
-0.008061060784283905 -0.3526546197506933
0.48229665102447233 -1.08488845374818
0.4062294370517117 0.7573205735828374
-1.1150307913296498 0.6328502507757681
0.23015313062379622 0.36109234839245896
0.6714985771892471 -0.3900462519950755
0.7559908791851089 -0.3971257989709922
1.6303349786663481 1.3478233344798776
1.1907805797729893 0.8727192762564844
0.4489532295987523 0.022642216384280395
2.169530031432258 -0.47214235873708016
-0.41173376639599496 -0.8246734208612032
1.8966606414720126 0.043315161125420644
0.1641625101475537 -0.44442856871998165
0.004904100366616437 0.7391666586531029
-0.3496882144343155 0.26194219962588006
0.8159281569696636 0.287632353068846
1.7951149989243107 -0.5509193015044609
-0.20078627078015257 -0.10432295255342076
1.0964936333901554 0.7026001243381911
-0.3859587420568222 -0.5347303539993836
1.8167600458204656 -0.08395031678915515
0.2338524344393063 -0.3335304339286394
-2.812071203421097 -0.6108228780831645
0.8871010154085656 -0.3064004140244908
-0.052243318073633124 0.3084965551621227
-0.7164655204062473 -0.493335539329732
-0.2137733180055505 -0.9646917627938845
-0.39444071103830824 -0.0368039567311738
1.201444510661994 0.46441159819127853
1.0466936806573146 -1.117936772892595
2.5209467451026106 1.3248824583752887
-2.054658413154164 -0.13087325227367885
0.31486257922075633 -0.9495621253204553
2.051228192770909 -1.5070351106512276
0.3213153433869695 1.1040484795513388
-0.6007754453778686 0.5272813442376144
1.5699993898703524 -1.0274779535652987
-0.23733676047394908 -0.4792140329896035
1.1938784783545795 -1.2020983449605194
-0.8615045304439155 -1.4802618663385272
-1.3568462037797915 1.6878868583338849
0.6503821743297562 -0.6011234309718568
-1.4645451542798473 -0.5896020329590201
0.4531984242683486 -1.1895648360778777
-1.8124808449738867 -1.4329695876682382
-0.22389563526786874 -2.0429632544608545
2.0799995606800827 -0.30406825278055283
0.42502208882602766 0.7989344496743754
-1.6415518962569409 -0.3492794885892649
0.361942752886286 0.9716676940937681
-0.8522776524673695 0.21966811252878785
1.3723130752550563 -1.9982628545264638
0.9077231062155332 -0.037832304717067375
-0.8835123604594809 -0.901046560141162
0.35400613637545975 0.9129125854686534
0.8566919874118247 -2.2486637328221675
-1.0496791394286387 0.21814910405715832
-0.9017101106468747 0.9764166433417741
-1.0983577025420634 -1.2267111639061419
-0.3154455395325577 0.39064509242719075
-0.5581994054668705 -0.6524047412879267
-1.841349168960333 0.2218207479576917
0.36069598840759404 -0.6098667631226732
-0.5264099157446005 0.34131981941359996
0.12040175560151789 0.6866246147326884
-0.6182926522716664 1.3465207781928779
2.0275271860113597 1.7539828706390885
0.532015830718543 -0.8767624788732044
0.1664970655948051 2.200276099784356
1.6354098455331907 0.45116601761623343
0.4810072970339925 0.10752541055906899
0.22384749347932756 0.7071528541350043
-0.7705850721644425 1.4278961468780926
1.3902580275055523 0.13934796345625536
-0.5190331559096657 -1.1143035623620756
-2.1106845720768126 0.7084582914118052
0.2198063479838569 -0.8447418118725002
1.5900145359933708 1.0485691725168458
-0.19498702917306393 0.4910322244730577
-0.07875574457600708 0.6158071932292666
-3.2139768311873005 -0.7249225770698967
-1.8261349491796663 1.2316351100062495
1.4255704246703285 -0.5831761191644906
-0.7156838398838455 -1.0329336365114832
0.6238048715356562 -0.44571471193139234
-1.3035076403915722 -0.6478809977440989
-0.055205651103623556 -0.4334613619968411
0.0008495815014616144 -1.4518180548319322
1.1773559611201767 0.537495425156896
1.4926133282284575 -1.3989651998855983
0.2872250483618662 0.5320264967508082
-0.7914666191373753 0.7433967410000125
-0.277122606886435 -1.4832000963652872
1.9359192693625036 0.019682741655422473
-0.11137948806945815 0.5843475401780516
-0.6096603469652903 0.29325253732488815
-0.14986754447185557 -0.43394502142713975
-0.9114543626895573 -0.4100205325842288
-0.662434041392661 -0.20461474575978544
-0.9934123411399012 0.5031755375670878
-0.5149337413973152 -0.6267339392068103
1.9312036003464916 0.5647237150910871
-1.7793527258938988 0.3175847339156821
0.12995673626676452 0.7405370353700661
0.007419128529565584 0.08193984413064344
-1.0990599196985371 -0.2783803105332235
-0.7623501827705367 -0.6693177025285244
-0.3857514509347867 -0.36977139440268636
0.14460050793813117 -1.044729993438192
-0.09415811555512311 -0.2875998250850396
-1.0645541627065638 0.25531022775526035
0.14852385524986325 -1.6857956674858545
-1.0550912294812589 0.551072207211981
-0.13767721202271516 0.5748983971984701
-1.128035301394367 -0.9509442123913147
1.0050304960950591 1.3675239791651241
-0.4941003438956646 0.6539229195829018
-1.8108352347359105 -0.5730428912505827
0.40897538405997075 -0.7547073731480913
-0.49211760341177574 1.3169960992622523
-1.2651738135485355 0.33394223967971726
-1.4819108849308316 0.302733233620069
0.4010291903892278 -2.8818809598378863
-1.4875114493409247 0.5033116070380983
1.619526858786103 0.6143819034015492
-0.05517755638561976 0.7312061272889958
1.7223076347156931 0.48298559565158333
-0.60486448791163 0.0510391568451858
-1.0698322488345013 2.0680510239922714
-0.2705131422789175 -0.0019949730083259204
1.4768855242585803 -0.32929272420509875
0.42219324459077 1.3517702049775273
-0.9746720011593138 0.04124686436826789
-0.9671541167345105 -1.690579241242174
-1.3966552010464008 0.3166190615787945
1.2382638883899255 -0.053863099535882336
0.015555278145850318 0.23574121236466986
1.5853726724939234 0.6739369964734355
1.2101335727326152 0.9335131759923596
0.05394184486835727 0.13526840613358332
-0.6075087057725634 0.62993227775228
-0.06104175325127052 -0.29446061750904146
0.1438948688688143 -0.12348522042330784
-0.09609460279221131 -0.08726598657494192
2.053919213197864 1.0759066597464972
-0.5845917975599745 1.4111674355770794
1.426542507516175 -0.03404384727582191
1.0980096482363035 -0.7930519674795982
1.0042687750410746 -0.30945676170551567
1.6318337950427972 0.3511758996806669
0.20179839696503524 -0.5215075598535576
0.7109900026902677 -0.5657481106036188
0.5513681562394072 -1.1070806311915247
-0.3147241918259483 1.7826107219757583
-0.29311503907718767 0.9125542127792486
-0.858312287501654 0.5143866828850068
-0.34930293970040505 0.9853906460564373
1.247541293634117 -0.29607389033141185
0.13902260831516683 -0.11216460008056914
-0.9957016539612371 0.6672296296394987
-1.0095537161866495 -0.589359538101139
-1.4779955768763746 0.9009028003003586
-0.6210740405180801 -0.43725007756374923
1.1387135758891909 -0.017626958255283192
0.04744965130196316 -0.5202825221085869
-0.8751799989658258 -0.8422402696770058
0.42155780016499983 -0.8435054702979835
0.19668604208268559 0.6465983634532614
-0.5910246944011038 0.49791082221073246
-0.9678517751284762 -1.5722687178549115
-1.2514435924363783 -0.6030199284886101
0.5535785009102235 -0.6368629278929406
-1.5354555094268525 -0.3053789242451555
-1.8478287976627474 0.16208743727118785
1.4226826263840207 0.2221907886587778
0.266026514696323 -0.727976308107111
-0.16855477947266473 1.6884609825180201
0.5608820514962156 -0.6191735670066832
0.9666975201779117 -1.0579557616877528
1.0128004424219128 0.27036542521639245
-0.23982811347273722 -0.7034718627708559
0.14215243612116668 0.29724878445836844
-0.5396659055539113 -1.0010687376508864
-0.7969508662545939 -2.377862014387835
-0.6646728625220019 0.8588433321628955
0.7863021587767498 1.3438218240402708
-0.15062218096587923 -0.940413270482931
0.3253683883837024 1.5040744771751808
0.9835356728796467 -0.004243119667994874
-0.3339503073651578 -1.1350104148847842
-0.05216075564893375 -1.7379059016028469
1.0867956682709847 -0.06638132861950546
0.5623294764372143 -0.23752203334384975
-0.023570604079221544 1.9082383457199317
-1.2539887656491537 -1.0626609042621853
-1.1436707001413147 -0.7833123737659481
-1.6998942655878486 -0.3943526510682928
-2.5631447022368503 1.2999211344927535
0.47794277164557203 -0.5991422805257194
0.6398523720299111 1.377311440661577
0.41684740289267264 -0.07093576337481558
2.4248615941247085 -1.072395869424902
0.01877426174444232 0.8593978660183367
1.1756065475481325 -0.25781415844994965
-2.4331614948559683 0.11377183484119358
0.1594063648822368 0.1586000028301386
0.8528757972619856 -0.3121630450842293
0.20641502429720673 -2.017624536863935
-0.35025281726753305 -0.6447229486506459
-0.7882622450277791 0.029401081663949103
0.2827969817085277 -0.699663037097294
-0.22625827724310893 1.4156820574290545
-0.4084138492206473 -0.16337324401885145
-1.8375891568245908 1.107078428646137
1.0073618628334033 0.021985353548643873
0.4426851558077885 -1.227587290906369
-0.37203013274212837 0.6068493347699968
-0.9298865514362747 -1.3657458240166465
0.03353103257470633 -0.006233398456199502
-0.052981802301457985 -0.5037242687401666
-0.13204106952308767 -0.28776405857971155
0.1783524985982638 -0.48314863578320205
0.7226853046976428 -0.814919026820573
0.6403701098311738 -1.23689712929689
-0.6448282847717274 0.4222421701371337
0.9600526670358923 -0.09364677505825197
-1.6976053019875494 -0.7225814456137063
-0.09930265124482371 0.22991313843500058
1.5439546210475477 0.7654806647567923
0.5977731241479592 0.021941173168297776
-0.0565789623766534 2.2238044518944133
1.6368659786372084 -0.5575365788574792
-0.524742061796238 1.408764725352904
-1.3394754500105677 -0.4732278256384153
-1.3400561035250225 -1.5239567253731556
0.9540613322182043 -1.1116080971317204
2.3349577794019227 -0.7049677850040689
0.35153405259276066 -1.1719093141977517
0.45704408798146245 0.07097938482798558
-0.16784506009601013 0.20054502591349604
-0.3586161648092852 0.40891031834700914
-0.07560308119889615 1.0970660885420107
0.4644272719333016 -0.3104755353671156
-0.9020970425482625 -1.6735680679264568
0.08441695950778948 0.30123335363506204
0.9168265759189118 -0.03119539509844659
-0.33774054704483114 0.15149614872858003
-0.31833612513124193 -1.4288868117487254
0.4929448011123281 0.17176624091494916
1.8789534552730196 -1.5795917015358574
-1.371420602909827 0.3720538611196793
-0.4656456325040408 0.2646144516456477
-1.4617492688522586 -0.37829336461844576
-0.5251136973588212 -0.2478427977052097
2.7866598559728852 1.3890002071231549
1.7909768516918891 0.05454223468803533
0.04065717102527494 0.9575436999736903
-1.0416325045485828 -3.349480662687204
0.5953146770710949 -0.6793080312216546
1.6603159047380918 0.28522273477409504
0.25172329315829095 -0.19926565936314763
-0.1533562673020241 -1.5228210263968334
-1.3872457348812195 0.1529216431828946
-0.24394648682540396 1.3503238386033314
0.40756458706043863 1.2832165399968785
-0.2809193469008239 -0.3282600910572293
1.3115419201149694 -0.8449778737444976
-1.0972907322764147 0.9346474765890466
-1.6728923395601243 -0.3440438193957523
-1.5198344106464547 -0.8543769125475998
0.38071509598890746 1.4748303694651652
1.7999020726064088 1.728991868613295
0.7075623657072083 0.04943382823364061
-0.9648215613299838 -0.5156599352336761
1.2245460754479838 0.39982874521786843
-0.6413789805899052 0.5975374817908484
1.9407721068230859 1.2926797697765178
-1.0922635573550274 0.06328925038464892
-0.5173451183049403 -1.0778929000372766
0.1392717132556258 -1.007581248262834
-0.20137658815093096 1.7253931019029032
-1.0933259824668233 0.3392135982651963
-0.25206730677925704 0.4135011655997688
-1.3541692418274336 -0.5984178653760117
0.6675260385091336 -1.8190576681437136
-0.8236607305714543 0.5751762879899355
1.0066135462953787 0.19947755789603797
-1.6846204466613672 0.16359560184004768
-0.6952531810296817 2.024308803483221
-0.021577521444807637 -0.2470627638276841
-0.061207859162026645 -0.8736967778175024
-1.3623188259435157 0.7679565775565041
-1.5111494651819408 -0.7618233266894233
0.38225278448404787 0.2144871559223369
0.4906995293577786 -0.9234044419401447
1.3614119851745616 0.1214527219996718
0.9255851898461095 -0.698257788900906
1.3641551320609517 -0.035245345230977186
-0.1555637646293462 0.6037728679637937
1.253892873359999 0.3007202754907033
2.0423254577478898 -1.3786412790122882
0.4557174570447436 0.04546469851858771
-0.4959643128886068 -0.26999291475036813
-0.19481395045336372 -1.983524362064789
-1.4837590201680797 -0.7713200197225079
-0.4107284678789738 0.14452051602779906
-0.26606216231892066 -0.8628685646618126
-0.18351520957758263 -1.6774280152851067
0.7794858799093767 1.7189616267110484
1.1912024299202943 -0.6031874891039533
-0.12386949234979669 0.0981301033096958
-0.24690783058149204 -1.158393294853413
-0.40664548032570436 -0.13371350213258024
-0.8606300053289557 -1.1902210278660301
-2.2695222909827253 1.1301864550441998
-1.7244633218678007 1.0945282731518335
-0.7065306045068525 -0.662308111027406
-0.22644107630526805 -1.3291242515949249
0.4519500380712803 -1.0522395273386136
0.9557487469373558 -1.310473819672013
0.4201965099477696 1.701716645820636
-0.8670204005656367 -0.4302772382259514
-0.5091457090219845 -0.04246650186551568
-1.1945270795263345 -0.5346848058662506
0.7709338274229471 1.169897220188338
1.2118344158720533 -0.284610772112246
-2.1356949780309504 -1.2973658824192984
0.8528402134407665 0.6604521003754379
0.7779697843614094 -0.21708951090779005
0.07883937657328137 -0.185626648032593
-1.0037670099592364 -0.9736530334589318
0.26246954482841445 1.0597970124010156
-0.8556508907561557 0.4867727596396147
-0.26423702147529304 1.0500049486334573
1.252054834097386 1.4537592297890387
-0.5644417620065227 1.718522527741619
-1.2646208892679964 0.2676562493534394
1.0088135765073507 0.005436027061839667
-1.0771147506747725 -1.3671004312017196
-0.3543397076563842 1.7886995065221098
-0.06238264320335004 -0.021451003370193105
0.7992934378247306 0.5839430711343293
0.8393901273106733 -0.16597983967026914
3.0258668331059755 -0.795031587468456
1.7251783284725115 -0.6280417332514396
-0.4476309238524654 1.0685988897993477
0.08581472318619553 -0.7632920335733594
0.2688141212218604 1.4047472755221708
-0.5269489634883258 -1.930577671659104
-0.5114071457816134 0.940564752529545
-1.4093859074731931 -0.3406381229020003
-0.6849919276383845 -0.12376244646390161
-0.7094978100260946 1.5058299589782338
0.2005914191885267 0.6825536939768144
0.15207549946047177 -0.7313962662460863
0.3612977843762927 -1.4323740037224313
-1.0116848278294468 -1.1862944605884718
-0.9868014590967173 -0.5987565483727738
-0.7664888503020411 -0.6756196764411925
-0.17695131680710988 -0.9401931726718646
-0.1491702557032772 -0.25557023199136014
-0.5385622216970929 0.4861988151306863
0.5271820389613182 0.862011504540508
0.9024364303361635 -0.24653888228171938
0.08784585478628487 -0.601511932850527
1.1419757085821862 0.5691441820490275
-0.7388282893267454 -2.2698953532168944
0.046232307167513954 1.3064202957483557
-0.6244231117837554 -0.35717326119185816
0.790116217916638 -1.235448503775951
-0.009065834289480549 0.29518591774137715
-0.11095619164787347 -0.4435696585341126
-0.08303352255737197 -0.030757529519356074
-0.46161542470814676 0.09089180575920788
0.5175758090889842 -2.2864501679937477
0.4001987265643539 -0.3310725531119089
0.3152337425641139 0.7570760180265315
0.2847341785955362 1.426378965977942
0.05501678039689236 -1.3207231124688157
0.22361368410966342 -0.46222849568776375
0.600828440823695 -1.24669965708957
0.48144381266234976 0.536411074372765
1.6254101491374324 -0.15186015853690388
-0.755206028713829 0.14376815161587306
0.1209887229833017 0.06371820151415755
0.08958934889363132 1.8810734413755925
-0.6239675157378582 -2.3119922774322683
0.869781708317776 -1.6031608520913145
-0.2582329293600614 -1.525135883177898
-1.144408723799235 -2.6611401221980504
-1.0386604562846367 1.4816606019604632
0.18723763944348054 0.5277461896153688
1.2403875754267755 0.008857110175538727
-0.34360653319690504 -0.21896150933225736
0.7711561083750786 0.8180483276336435
-0.5777017777165028 -1.4126279883175445
0.7552888554603093 0.18371352927583345
0.6525720790088841 0.30171538800572695
-0.23227116394535519 -0.6095478183032715
-0.527201117059927 -0.9545833664272705
0.2583254866964255 -0.25439651652347156
-0.14650526519740928 0.7447181100703927
-0.7789365351157382 -0.7177857581007753
0.6392513879074171 0.7325191451282811
-0.07957078569411563 1.5181341922376002
-1.5107785288991735 -0.2875934461079872
0.9744458626154184 -1.2777519814027456
-0.30858903417856975 -1.2812672757727273
-0.21609769768754045 -0.14380318839808182
0.6261031267152304 0.867025201570853
1.1427539838107257 0.3864048159144379
0.39164034707970596 0.4273963448818451
-0.8504629107913118 -1.1450807377971373
-1.9362469087576837 -0.8626388445086435
0.563220671257287 0.3532425268893484
-0.11461790652436558 0.9008289911454508
0.08808736794214175 -0.1931718864330523
-0.4311931662172067 1.797683770804019
0.5096211308980223 1.42229456537919
0.6308744383800271 1.2672881389971256
-0.045847563507499196 0.6634949042445376
0.7706772323250157 -0.3731487828489225
-0.3248001526554688 -1.7316111699855057
1.5029780422528503 -0.8617056192064331
-1.318234902399305 -0.9786744061075905
-1.4412303431073628 -0.4994055479517511
0.7007874965619636 -0.9087199336618828
1.490382882380643 1.4015684547156428
-0.34936213871790484 1.3281441118448312
0.9945869165455816 -2.4653498353256076
-0.9097511173649269 0.13393584622597282
-0.14128336854580367 -0.6447877654682439
-0.23699330059406337 -1.2067313576389922
-2.222203071180686 -0.7743029724245292
-0.727994706073605 0.585815251601696
-2.0207649358565307 0.029151201523802114
0.9838532019465919 0.36766796163068655
-0.7906418862783776 0.9388541813620283
-0.11226921686025139 -0.24774886473775973
-0.09969971683603243 -0.8532567233052443
0.01687228490278668 0.3844570709272962
2.0759544949713433 0.009477167180466612
-0.9208682137041884 0.7417525425754345
-1.0802258174598518 -0.3574842266602755
1.1275456586653194 2.6331103437355083
0.10901485427369294 0.023814023518805367
1.6184343799072303 1.061799978559095
-0.88256837585819 0.28393658555896106
-0.8790422301949934 0.0008998585276321563
-1.5153323941398917 -1.5614223968121976
0.5846888495386977 -0.8659667824704457
1.2841439522446843 1.3405697607184268
0.07223612781654655 -0.49275000804190466
-0.49791294351461085 -0.5474810744862276
-0.4994559187960398 1.5153038330338675
-0.020540758787421665 0.34382409208241294
-0.9225757007858864 -0.1743884604700608
0.6211018055815107 1.0130060005288017
-0.23479612624884746 1.1151542260704226
0.448095812252707 -2.9627240964702297
1.6991872287931613 -0.5168213978763037
0.29423994126435454 -1.5784469251890527
0.5464056298803015 2.4694235660812405
2.545557216189791 1.5131518975174785
-1.1120409782389467 -1.6234615869683997
0.43599913841774446 2.172508654025593
0.6097091792840296 0.45794467073342937
-0.12866158793206864 -0.5931501487575518
0.4188857798721191 0.5872432734908629
0.07861047173870749 -0.4867873599269592
0.5181035722649086 0.4259507079387266
-2.269251256517155 -0.7249547485291454
-1.4478514244944325 -0.2499320020495217
0.7390174875833035 -1.954314824967777
-1.5937020128683126 0.07228028066288938
1.2061290898033044 -1.101349540924958
-0.9177079861930744 0.12958533549394757
-0.7147200078202407 -0.19253778331082758
0.6093152009307979 -0.7964548311408269
1.4636408811618853 -0.7284873861601269
-0.7023605291700099 0.1770456763164612
-2.14049157930593 -1.2394592545699352
-0.392035081029684 0.06398151338129629
-0.5662963906671935 -0.13418656579639165
1.066611915115774 -0.7345978156890891
1.379532693464882 0.08152282742676023
0.011749749956560914 -0.1988646363583387
-0.4638727071040046 -1.5933585373213692
-0.7581421454150701 0.10049110847382035
0.5518119203132582 -0.6331051312191138
-0.8421026496423365 0.9361850638204533
-1.2090622255546304 -1.494127317180523
-0.022524477215042128 0.6580651873641393
1.741377176109114 -0.4263369542802777
1.096479102540182 0.24076701991198313
-0.608722929596597 0.5531075340469137
-1.069454391324806 -0.3488394568980906
0.3753340303421787 1.3592204038898386
0.15515102147903317 -1.0584611250731795
-0.2785209754722018 1.8454203246161742
-0.19342956432489597 0.3878832723958523
1.50128539747518 0.5348206369865066
-0.04538969816402904 0.07440653854540141
-0.7923240721162812 0.17462423591952558
0.5293658518802933 -0.7668211778206275
-1.09334089027367 -0.5512575299371394
-1.8468851927445131 -1.9613171767212216
0.8290125585382495 1.0135677755415573
1.621319867713138 -0.48186156304396555
-0.18073184362847758 0.7141835884421887
0.6345093500569755 -0.22602191899118002
-1.6507867323972905 -1.2355670794761113
-0.16675179236738358 0.6494225681104032
1.4393435203117604 0.43948346512295516
0.4198994811091508 -1.2641118929815798
-0.046095489601139863 1.733409275468648
1.1508735601846438 0.8586567310012637
-0.7704925416642133 -0.11739746925184118
-0.1084042054393941 0.10383269040905395
0.9593155506767064 1.5928369831398317
0.2364150411963708 0.9787312925978845
-0.8476685806646662 1.3854692962173578
-1.7743400797367737 0.7729860598205344
0.7931285064460446 -1.479295281226057
-1.0076844160823315 -0.45737750186181
0.9783265426548081 -0.6511120871818924
0.3106947532884091 1.2055907305644815
-0.7728426133712174 0.3376197476453927
-1.443370147874631 1.05236596060358
1.6447211101575092 0.40687495228066134
-0.9479949017562044 1.5140498976861263
0.7930082044255415 0.1088842295035329
-0.3681170883295147 -1.2226816311776485
-0.2270269179820374 -1.4485500721923934
0.7289709717562158 -0.7064495557367519
1.8257441467296518 -0.8676144247000516
-1.4833122775472014 0.8869577726947845
1.4503217434979987 0.6669860499492144
1.2897721650545357 0.02227665036299965
-0.9670645196874549 0.5853553029484174
-0.6161566657987367 1.1914771087583995
-0.32896410834003587 1.3938431029717093
0.061625642631377146 1.0466357734758915
-1.3021424922472506 -0.4496894783565199
-0.6675054902958085 0.5442771843351806
-0.7178711442077986 1.9454377513723418
-1.1629054893597088 0.329865329042193
0.5025428014795386 0.9448244921046894
0.431845618970393 0.9325839943261957
0.07732243774249614 -0.403627050001116
-0.829142280215449 0.4675740145818035
-0.8389110182792282 -0.8814251399538039
0.385690910320904 -0.5815242384246749
0.36259421333811775 -1.065105239621179
-0.03401265411633982 -0.2838946398004174
0.6077118491258933 0.0568207232593049
-0.6947420432496313 -1.1629256305813824
0.8997352239752517 -0.9214171618947677
-1.1412415390616228 0.45096520038104976
-0.07820007582450071 -1.4726035878739536
0.3581656749778109 0.9664042755939202
0.2814172757590876 0.7891386266535111
-0.5974466676243151 -0.7866023719717284
0.7647403588805313 0.17687106216252846
-0.15097779336599768 0.8438043864655376
-0.0787301734282684 -1.8019180240649226
-0.10896466736127673 0.34659959145971725
0.16114040950800007 0.07967860113728661
0.15622634089288892 -1.1216541265864284
-1.5877746584781303 0.8991641444646142
-2.0993490687564003 1.5437925328719015
1.4356078300002753 -0.5377461096460187
0.1865339739125543 -0.1454352453843962
-1.065912131080216 -0.31893394142528936
0.32047367535492804 -1.472940533306305
1.2570128202144757 -0.5470568513919197
0.019334054963313172 0.9787843419254646
0.566019508386052 -0.24633243795762058
-0.4329422836610407 0.4794927197906554
-0.6014844768301362 -1.3786546967952138
-0.4197112049272055 -0.14484889491421216
2.190205987211689 -0.37004305171987956
-0.39281616247827006 0.07623387904285069
0.4711968189117688 -0.021721674507814454
0.012389072208725083 0.9009959017083793
0.486330887576584 1.8400466485693054
1.315276514702233 0.3050892126903949
-0.09639773661531242 -0.7331923753675736
1.0915184784884058 -0.848800202466184
1.8039319787654857 -1.2553592910067843
0.35603161152845797 -1.7271142410949698
1.7980865591402562 -0.19584885935540688
1.1853857420052307 0.14982488692137436
0.7400456507397088 0.7247080719528374
1.3674082517064523 0.862337224701635
0.22110959295887447 0.6150168731085386
1.164875524854364 0.024062044754369138
-0.4771677917745648 0.047953769951941554
-2.0943774082975417 0.04532162146661297
-0.5350380485998499 -0.14721318368731892
-0.7951198920080357 0.7689160748790562
-0.5710662716944894 1.3111998964618505
-0.31047077841720194 -0.6357623681703563
0.7148195004468775 -0.7351241940364159
0.5653377564605118 0.5444141454941067
-0.025566110050117618 -0.9448119146544658
0.7678682732692583 -1.5405772358879275
0.5135911011139547 -1.2458526620397052
1.5344834615192102 -0.5109991350370918
0.9456812486550884 -0.2167092148634689
1.1785151545195889 -0.8570092543719326
0.634106905136509 -0.5771034755582006
-0.5809670367250687 1.071316252380808
-0.405360918872478 0.9279766321250748
0.9222428650427514 -0.17084433069959068
0.06607650057521083 0.2259467210540177
-0.575155506755136 1.7129699073259286
-1.4313682655538755 -0.6748393591868462
-1.1280481093972052 0.2966236890247366
0.6159471291751931 -0.30222491647364497
2.588086496668147 0.39701692871005956
0.8260695458118732 1.162482368094582
-0.22645907578536484 0.517806920215204
-0.328270445471703 -2.3689121838463723
-0.700430286047192 0.1934538998780317
1.927138060401404 0.8835640573260457
-0.5958166671701299 0.6932316972007346
-0.7597647857513125 -1.2665739517412709
0.9632018721164713 0.9952669582215381
-2.8568450286653264 -1.0489441404161293
-1.3679716487753582 0.4879697973705637
-0.5230233524984205 -1.1660593676500486
1.6770028460614375 -0.06214033577438711
0.254993572942656 0.667800667642803
0.8823680671206899 0.10917984826638301
2.306081587701628 -1.076544497129976
1.903367550040028 -2.344209921520603
2.2225931526852514 -0.7924785065415254
0.7241920218186056 0.5231130956905642
-0.12704026840052143 0.12535229565672723
0.5365922017683384 1.87495426784519
0.2033419215847559 1.0687057859204523
1.0594931176196618 2.560212352056033
-0.17736891400397362 0.26866898981964793
-1.0485920378811318 -0.4929688856047155
-1.4152245163841637 -1.807569049095187
1.4424113744907932 0.7908805986319324
-0.18663792689629766 -0.01865353320125685
-1.038870144066852 -0.16960015352407073
-0.40322863286451555 -0.6782271052421384
-1.000018188464446 0.223005150628193
-0.8514303039644021 0.4985493810975595
-0.13408936744623812 0.5504391063580291
0.5941216797993021 -0.6738507419675779
-1.496014543652828 -1.386116834016068
-0.3677131619377951 -0.384600403820309
-0.4972492957925261 0.10487410918271055
0.8890095904713442 -1.5031156455450359
-0.43880934020371065 1.3964908029484553
0.866551052179509 -1.2456781848064717
0.43985711262748267 1.9638710642164892
-0.24443630580298611 -0.27487137328591593
-0.4272656701907502 -0.41523176910771825
-0.34822976666615874 -0.7134053067732493
1.8496944658679877 1.2895141790194482
0.2157196687584107 0.8757956643971364
0.6858474478501791 -0.5271337319783957
0.8382071630153136 0.2966758314207175
1.2750815981320478 0.7187472627209949
0.7312518063076267 -0.8600579274453487
0.8455626864701424 -1.3911376164761902
0.6657362712035704 0.48156981368365165
0.5842819846242464 -0.21423323491443144
0.28077655625970527 -0.6471657675088822
-2.2645169564270606 -1.9829814641660013
0.4421414867587877 -0.600949197216033
-1.337749583789069 0.3250689702080709
0.4407062019827883 -0.45724674036146234
-0.05233440050871468 -0.29360564363393243
-0.21051253118111307 0.29170266272662604
-0.1202721165774048 0.5535891779251162
-0.6987906029832035 -0.8124229945531255
1.0039525370758722 0.07149436869172854
-1.9100550589122467 -0.5324925122427968
0.7680585048356933 -1.608111621803509
0.3025320860670861 -0.2191242424579361
0.5366067830788517 0.14394848670454735
-0.9331834424596118 -0.790857156719584
1.9382351705405523 -0.7805904293319995
0.8442357547431968 -0.0889111650840778
-1.143719125713445 -0.006770485573540753
-1.54066095701189 0.5396649216876984
-0.4228509614082686 0.09561858203509943
1.4985778694535719 -0.6900983787710053
-0.47418086077311733 0.8313783256349206
-0.36028007139690815 0.6978971822545428
-0.5039613416979354 -1.1712492212572885
0.12946525584350707 -1.0238590656159636
0.29120591457662515 0.7664344538699791
0.2656313213569056 1.553665743995764
-1.345605821368308 0.2917725829802013
1.6024642054641682 1.1572681375594724
-0.356745194464621 -0.5374309981954593
-0.7234242165382229 0.5367085766567021
-0.44410693862334794 -1.5139014374259117
2.519352113023416 0.28440759269281884
-1.4835560636461746 -0.10030316283427833
-1.1755264201086586 -0.7505672996108429
0.9055846626185151 -0.4859354520559987
0.48959253246952184 -1.0936548159257533
1.6286913940167151 -1.5675703979316538
-0.4128780261009858 -0.33060572017485845
0.5320804872986029 -0.8969815739057243
-0.11312063368517448 1.2952631461767412
-0.2620099121586827 -0.12758514124252548
0.7906074613644721 -0.20360916847262173
-1.1579956932416369 0.04159375314388736
1.2803495424012517 0.1626667579816832
0.8917976184681603 0.7960906171445975
0.5432144604818893 0.9083067170223974
-0.34541390659161086 -0.17724374996474007
-1.338250927998212 -1.0795186817058569
1.312766488756417 0.547715747467998
-1.087011033840799 -0.8913816831790018
-0.3657903415017918 -1.5754160373482078
-1.106414936634478 0.08965493447553252
0.4680530174232199 0.8211627461166182
0.06174731557220299 2.096474626921035
0.10122540808796386 -0.10050153619785396
-0.8057279749995029 0.1672289489706654
0.5452402913424897 0.28378780304380224
1.752728623740653 1.321708795309969
0.747118137328516 -0.42477819487596463
0.7694902441143089 0.21485469367185864
1.9118061917052187 0.8278646204314758
0.045108057015227014 -0.9887796416551613
0.6068386902438947 -0.12704037085182318
0.11641440565085023 0.05672413953883095
0.955802278705684 -0.20856172186906283
0.7273469269240251 -1.4198767908412342
-0.15371089485995362 0.19531913630205833
-0.7630467924193255 1.4308599436965297
-1.7090274066684634 -0.23842181092326556
-1.3155922529060602 -1.736521111393984
-0.578725927653567 0.7810287545473754
-0.0427231393711168 -0.5435857981954458
-1.5637716852844044 0.0823081773185479
-0.21396044868495243 0.7476193544932799
0.8263972690856894 -0.6461292680667462
1.5782107828907914 1.1839048228023026
-0.22377762861502182 0.1899635511624262
-1.0643720476371905 -0.04186651318316918
0.758529985595275 -0.5488923778571221
0.6249067206842898 0.08681433960010287
0.15883394102036616 0.2672398095076009
-1.9741998561026979 -0.3171566772506672
0.9803255703676526 -1.1749779993121068
0.41261730942470737 0.6953500719851131
0.8403891138963403 -1.22134259864021
-0.2601609205115202 -1.3418043981899834
-0.30277856512156986 0.5356701976640232
0.10468648029279426 -0.12783647473478596
0.18310825736472705 1.007362911943339
0.6388182963278487 -0.32260999474568386
-2.507608412503544 0.11628992334773311
0.47850822915574376 -1.061500787777222
-1.5491889775121206 -1.0290827208647768
0.3505206347890654 1.7941592222451912
1.9071538527911729 0.3936572408775019
-0.9072880452600908 -0.15460772608873882
-0.8095989980184427 -1.3422128041679726
0.5135288813229606 -0.3505102804823885
0.8502011770833501 -0.6940308960999729
-0.3110105602889464 -0.4315458400179024
-1.9758379860097828 1.2469319373068066
0.22933476439015868 0.4730454976975323
0.007544914761261827 0.7532436976238339
-0.9264777651899638 -0.44916547046658434
1.2252337995874067 1.9529079647982288
-0.555213906908773 -0.9519684936468453
-0.37194902269945046 0.23301700815477666
-1.1567830573844984 -0.512911094613587
1.0044866277088271 0.814812991641579
-1.4167124324889382 0.505028085484711
-0.03142991340638984 -0.417002871217901
0.6216296108163939 -0.2810708414317752
-1.4087947822275317 -0.7422852827266706
0.07228175392558685 -0.9577016859108699
-0.8720889912352027 -0.5281666111022991
0.8166548851364929 -1.1070347415225172
0.22373873685709222 1.3032674877112789
-0.5244229410244754 0.6375352129097117
-0.8609622487505546 -0.7551328017529235
-0.13872678089063104 0.4342176689504618
-0.33529520507868593 0.2183040606012745
2.1383008013363853 0.8421347863525872
-1.6090492089907422 -0.5156479956924684
0.76788369079181 0.6314338600244744
-2.602242699007897 2.3907686964227803
-0.7788983130502117 -1.0634180949998127
1.0210288355216124 -0.8542611696772443
-0.4660351581874073 0.7589355654743659
0.5794316854251426 1.7670540930367695
-1.120322526477499 0.13629151095573128
0.47485034550931743 0.3056055588147035
-0.11838027346734524 -0.5941944363474327
0.4486599579291476 0.48159269913289127
-1.1293583883340585 0.06284009853462953
-0.24400307542311453 1.2956336988052346
0.8823349300407338 0.8532383242243611
-0.41453785588295783 1.4317206512666873
-0.5426729682488912 -0.9003710495374218
1.1850795017835323 -0.5529875937082019
-1.3702648303208353 -0.5555052317933682
-1.0520308702866183 -1.4434070062478914
-0.3765234012946338 0.06745544273046998
1.4583045018644765 -0.9168017713226589
0.36620883036113366 -0.08756355122869408
-1.2226156216258628 -0.14574361271970293
0.0841290254579314 -0.7911333319866769
0.35545119352262566 -2.19658502521188
-0.10488847726596136 -0.729660122957452
0.17285203251455267 -0.347986343372547
-0.26447774790429096 0.4159461455962084
1.4453088771711795 0.7566565095484382
-0.08153327965834524 -2.010445120306921
0.17002509125990775 0.88901055414813
-1.0757884236254707 -1.0014449129515675
0.5205255611469111 -0.2795723377542447
0.0576662655111849 -0.31682835869253684
0.38135596351557144 -1.4411380108655476
0.8444480010747756 -0.029167407879596277
0.3652612217193199 -1.759797264603504
-0.6898262913947814 1.0263289277029808
-2.6201554386355936 1.1862241243812692
-1.5519775636067623 -0.12284448248443769
1.242694554349959 0.6853798550636888
0.6125596959341062 -0.7343477143544815
-0.9905220031854732 1.5946663526664688
0.6413662217763687 0.412431922303273
1.2127969659169981 0.32301700299230046
0.2816761497724056 -0.34848860308485846
0.126588328706393 -0.5084401774503681
-0.1338183394751194 -1.1888994461792655
1.1818459841826752 0.6058714426775598
0.3722280837812598 0.40487009445247474
0.4434782066559331 -1.2387409411009138
-0.3787123017654897 1.0073534564390982
-0.5673215313253442 -0.8094264233242878
-0.45152572107136 -0.4409483611235975
-0.6503125147412376 -0.5291819134247601
-0.770725268176124 -0.6064267673305891
-1.4660940687538988 0.6423060360761867
1.047207787479282 -0.769609463561813
1.0233544494097908 -0.8072981686025367
0.9567253227636848 0.1156333021907659
-0.47648074900673804 -0.7910785650459973
1.173040554340668 -0.27479913861903005
-0.031071401307752548 -0.5471030244684658
1.0653369307483747 -0.8507578175204645
-0.1681026085780716 -0.58897263891358
-0.5408445405915707 0.02748127334855404
-2.5676442566703224 -1.2321600676400526
-0.8724640468928064 1.4074358326666574
-1.036296372256749 0.7813543130601306
0.2397040700862295 -0.594687830720688
0.9430600402258908 0.9259483108417258
0.19573979834624583 -0.3840033452098063
0.007855115488826173 0.2582964803901813
-1.880775404005236 -1.364872252590641
0.17935823702741832 0.6182360305201403
-0.40108838088682114 -0.4415416443479279
-1.6903809554645939 1.574446062633111
1.593260907921575 -0.27297927377638614
-0.28228449619412 0.4957142401479109
-0.5773481675985687 1.8210247780187436
0.8612717850094285 1.1051175679107255
-1.8665106307828607 0.4132390180638172
0.7323400168395531 0.012210690238985706
0.21884908175214934 0.8341916131864747
-1.010370590608623 -0.6565142996898359
-0.8734186450136315 1.8775744537950159
0.08606530692250772 -2.6702831375928806
-0.647528614102092 -1.1317980386242472
-0.5590105569302565 1.9705744588972367
-0.5030874578167701 -0.4625131399231455
-0.5381093830070119 -1.7352906784049595
0.12698305552598738 -1.3826254233097917
0.5999827213659943 -2.210901262869197
-0.06408312582357213 0.5992960278924091
1.3903202478984065 -0.7143147219478341
0.7361204343069504 -1.4284707458502632
-0.4225201288453498 -1.996975345502772
0.020814764145875478 0.5342280258885929
0.3576093238073358 -0.2519554025056335
0.6026424336003091 0.39772345287594757
-0.11026501601909194 -0.16028886657372077
-0.6548910884141877 0.8468129424264804
0.8160508410335912 -0.13977317687928864
0.9202072969863314 -0.9610923282999173
-0.28375640938119445 -1.3652230223321782
-0.39595911378883414 0.20927411729144255
-0.6349817232781626 -0.6166956991826172
-1.7933989292626868 0.6205813012486192
1.9786316277334963 0.6031226851503216
1.403573275948994 -1.8055832358865047
1.008021730697314 -0.8038851397446601
-0.9068535069153384 -0.537423847328226
0.7475060955007412 -0.8012617477429024
-0.5218945857069149 -0.2126538479718097
-0.4307961620813713 -2.2980109445274497
0.17788223175678627 1.6005592370688144
-0.9401363477964795 1.7588744959492388
1.1929805661633004 -0.5740165611919367
1.2852395078352654 -1.13230126780656
1.067288140794868 -0.15739069707119982
-0.8252219890264503 -0.2298534527155976
-0.3477505756812528 0.8215290007037599
0.46715360410623175 2.193314719676722
0.020127034296296333 0.19686760081868399
1.6345087123810793 1.4762043916952026
0.2866170322725909 1.4912453182922505
0.014553462095913192 -0.7552530522137917
-0.5577432501808036 -2.6277261963045784
-0.16731789955275356 -0.8232507612869397
-0.24065172488453254 -1.0522385954717297
1.1311351397698046 -0.33949397366147993
-0.26670878608619203 -0.870218400777482
1.6373542116806594 0.6643007909056425
-0.9403608037336546 1.1952620257121962
0.034126462197580594 -1.764494092125108
0.5421013485604276 -0.3768296936114261
-1.6638766888060543 -0.3954465391925129
1.4032163575184968 -0.5333143727675121
-1.897806724275799 -2.090758378257911
-0.45486970121892306 -0.7970645201451152
-0.14207554613359424 0.12165677107886427
0.08152283986189932 0.18597091343775335
0.7497928141386812 0.29018367536701833
1.4631195629107892 0.46509771495659696
-0.4106340064465059 0.8396971173061601
-0.7981706912892543 -1.2469261301593295
-0.10305522082176821 -0.5089271427620998
1.2203336993916876 -0.4038012856117144
1.322166000987754 -0.2764146148798795
-1.406061996033352 -1.15589782208008
-1.7616005955086749 1.0367483329941987
0.5942206567561734 -0.46232901444448526
2.7172926598552993 -0.4467008621599021
0.005104818682249424 0.44186054117732804
-0.02758132902210346 -0.10784114932556545
1.4884082630138862 0.66124018847391
0.026252179750583197 -1.503520684857116
0.21407720956215495 -2.189588008934024
-1.2520213114826486 0.7106896545804396
-0.8544421195671563 1.2375095770711895
1.0079879895713777 0.7188056706692093
-0.9939327025826817 -0.036674423156364586
1.4060688534901515 0.2892097792896798
-0.16700055138025316 0.34991588962988773
-0.7985811339715295 -1.2213267428209575
-0.5384370034132208 -1.656310987577691
-0.40147851178195026 -0.6138732018571774
0.33157924216753815 0.28582677488661906
0.4444527413897163 0.8540816515504125
0.1946257502460242 0.40176328698893543
0.08168410116220527 -0.18736130824704814
-0.6067035922486539 0.5622529622555436
0.8859573095690999 -1.1767393060810463
0.449394956848692 0.29186187618133386
0.027804015873765905 -0.44609700919939177
1.1773237457904517 2.329277913417504
-0.1853110328202773 -1.2974501713931434
-0.46158323115077304 -0.2439065776395775
0.7988297838294315 0.8605944869813545
0.11480972250349011 0.22226470643471122
-1.2134641955339212 -0.5880644555042686
1.0702277360891272 -0.04941688630045775
0.35037567178095497 -0.41560580755699017
-0.807048450789754 -0.9469303411109803
0.9357974239314854 -0.28406098437212124
-3.4776522733270183 -0.457953545061305
0.5303808858061718 0.3898112218818847
-0.2879529189860648 -1.3639758666753974
0.8436485030568038 -0.6105338183035613
-0.22951219390487618 -0.5936101352620442
-1.411672569931573 0.2764953385521227
-0.6301729233669046 1.6688649282402848
-1.2842251026395202 0.05497827894213759
1.7983888038682143 0.7864490043318564
0.5917658456946838 -0.22203196875513015
-1.357367709916534 1.1449715167901877
-1.727081128449493 0.41900210906208585
-0.9914725911932245 2.8371885714796665
-0.024847541754577575 0.8738708965616782
0.3916927114797308 -1.053966403635264
-1.1309677976176709 2.7714287744662736
0.3679350817210136 0.7239727989157336
0.16989464261712475 -0.5678635579281591
-1.5783217636753932 1.4808302612861506
1.3338697894358647 -0.12787920080020443
-0.5609397819759271 1.5128362519128948
1.5863271947528605 0.3169505076092909
-1.351951879425956 2.1711488212293286
0.6088300289835239 -1.3218025101198543
-0.2527931615537952 -0.8254497588349696
-0.26166028440432393 1.1246095024721947
0.3043884288632795 0.9936465227977228
-1.628473854677324 -0.35739712351579994
-0.19005035499585107 -0.7692735066402542
-0.6779247012976546 -1.2799162064856329
0.5174043708856804 0.4042653875731877
1.3795818974969758 -0.15152357298159783
-0.9829215272663653 -1.7596523270401463
-1.880021896012053 1.0775815037086678
-1.7208191706776228 0.3114526106745065
-0.5819919297019235 0.2864717252380088
0.019734595239863865 -0.30450254561491247
-1.2444728667544709 -0.6074496971921443
0.16410469886990006 0.011123262836450369
0.6393754136000935 2.453975838342962
-2.064430286831977 0.1254357871921769
-0.029391837964936565 1.2565792734467844
-1.0491628021916057 1.1678518852052109
0.01276171586175067 0.5419842480079814
-0.9037683943078215 -0.12326814196116058
